target=vram_glyph
status=max_hits
watch_id=nil
hits=64
range=06002000-06002800
pcs:
08065F50 64
addresses:
06002600 1
06002602 1
06002604 1
06002606 1
06002608 1
0600260A 1
0600260C 1
0600260E 1
06002610 1
06002612 1
06002614 1
06002616 1
06002618 1
0600261A 1
0600261C 1
0600261E 1
06002620 1
06002622 1
06002624 1
06002626 1
06002628 1
0600262A 1
0600262C 1
0600262E 1
06002630 1
06002632 1
06002634 1
06002636 1
06002638 1
0600263A 1
0600263C 1
0600263E 1
06002640 1
06002642 1
06002644 1
06002646 1
06002648 1
0600264A 1
0600264C 1
0600264E 1
06002650 1
06002652 1
06002654 1
06002656 1
06002658 1
0600265A 1
0600265C 1
0600265E 1
06002660 1
06002662 1
06002664 1
06002666 1
06002668 1
0600266A 1
0600266C 1
0600266E 1
06002670 1
06002672 1
06002674 1
06002676 1
06002678 1
0600267A 1
0600267C 1
0600267E 1
