target=record_bank
status=max_hits
watch_id=nil
hits=96
range=02002E30-02003070
pcs:
0809C0F0 96
addresses:
02002E30 1
02002E31 1
02002E32 1
02002E33 1
02002E34 1
02002E35 1
02002E36 1
02002E37 1
02002E38 1
02002E39 1
02002E3A 1
02002E3B 1
02002E3C 1
02002E3D 1
02002E3E 1
02002E3F 1
02002E40 1
02002E41 1
02002E42 1
02002E43 1
02002E44 1
02002E45 1
02002E46 1
02002E47 1
02002E48 1
02002E49 1
02002E4A 1
02002E4B 1
02002E4C 1
02002E4D 1
02002E4E 1
02002E4F 1
02002E50 1
02002E51 1
02002E52 1
02002E53 1
02002E54 1
02002E55 1
02002E56 1
02002E57 1
02002E58 1
02002E59 1
02002E5A 1
02002E5B 1
02002E5C 1
02002E5D 1
02002E5E 1
02002E5F 1
02002E60 1
02002E61 1
02002E62 1
02002E63 1
02002E64 1
02002E65 1
02002E66 1
02002E67 1
02002E68 1
02002E69 1
02002E6A 1
02002E6B 1
02002E6C 1
02002E6D 1
02002E6E 1
02002E6F 1
02002E70 1
02002E71 1
02002E72 1
02002E73 1
02002E74 1
02002E75 1
02002E76 1
02002E77 1
02002E78 1
02002E79 1
02002E7A 1
02002E7B 1
02002E7C 1
02002E7D 1
02002E7E 1
02002E7F 1
02002E80 1
02002E81 1
02002E82 1
02002E83 1
02002E84 1
02002E85 1
02002E86 1
02002E87 1
02002E88 1
02002E89 1
02002E8A 1
02002E8B 1
02002E8C 1
02002E8D 1
02002E8E 1
02002E8F 1
