region=0x00002E30-0x00003070

00002E30: 75 5C 4E 63 63 63 67 5E 4F 4E 63 63 63 67 5E 41
00002E30: 12 0A 18 22 0E 27 14 0F 12 28 2C 1C 0E 2A 0E 0F
00002E30: ^^^^^^^^^^^^^^^^

00002E40: 4E 55 44 47 45 41 5F 6C 60 48 44 42 42 42 50 69
00002E40: 10 14 20 11 00 11 11 00 14 2A 14 11 11 11 11 11
00002E40: ^^^^^^^^^^^^^^^^

00002E50: 63 41 45 41 45 47 44 5D 5E 42 42 42 47 47 41 58
00002E50: 27 27 0E 16 0F 11 11 11 23 1A 13 3F 3F 0A 11 11
00002E50: ^^^^^^^^^^^^^^^^

00002E60: 5A 41 41 47 47 45 45 5F 53 59 45 47 47 42 50 61
00002E60: 1A 14 19 3D 3E 36 36 24 14 12 24 33 3C 3F 3F 3F
00002E60: ^^^^^^^^^^^^^^^^

00002E70: 46 42 47 47 45 41 5B 61 42 47 47 47 42 50 61 5F
00002E70: 0E 10 30 33 33 33 3C 3F 0D 0F 36 33 33 33 33 3C
00002E70: ^^^^^^^^^^^^^^^^

00002E80: 67 63 67 60 4E 57 68 78 5C 67 63 63 67 5E 4B 5A
00002E80: 29 29 1C 10 0B 10 18 28 28 28 29 29 22 15 10 0E
00002E80: ^^^^^^^^^^^^^^^^

00002E90: 42 4B 63 67 63 63 63 5E 47 42 46 55 63 67 63 63
00002E90: 28 28 28 28 28 29 29 29 28 28 28 28 28 28 28 28
00002E90: ^^^^^^^^^^^^^^^^

00002EA0: 47 47 45 41 48 5A 60 63 47 47 47 47 45 44 46 4B
00002EA0: 28 28 28 28 28 28 28 28 28 28 28 28 28 28 28 28
00002EA0: ^^^^^^^^^^^^^^^^

00002EB0: 47 47 47 45 44 44 42 41 47 47 47 44 42 44 45 45
00002EB0: 28 28 28 28 28 28 28 28 28 28 28 28 28 28 28 28
00002EB0: ^^^^^^^^^^^^^^^^

00002EC0: 75 75 75 75 78 71 60 53 62 62 62 5E 5C 53 4E 5E
00002EC0: 2F 2C 28 15 0E 0C 15 28 0E 0E 0E 12 1C 29 29 28
00002EC0: ^^^^^^^^^^^^^^^^

00002ED0: 60 5A 5A 57 5E 60 67 67 63 63 67 67 67 67 63 5A
00002ED0: 28 28 29 29 29 28 28 28 28 28 28 28 28 28 28 28
00002ED0: ^^^^^^^^^^^^^^^^

00002EE0: 67 67 67 60 5C 53 46 42 4F 53 4E 46 44 44 45 47
00002EE0: 28 28 28 28 28 28 28 28 28 28 28 28 28 28 28 28
00002EE0: ^^^^^^^^^^^^^^^^

00002EF0: 41 41 42 45 47 47 47 47 47 47 47 47 47 47 47 47
00002EF0: 28 28 28 28 28 28 28 15 28 28 28 28 28 28 22 0E
00002EF0: ^^^^^^^^^^^^^^^^

00002F00: 4F 63 63 63 67 57 46 44 67 63 67 63 53 42 45 47
00002F00: 29 28 29 15 0B 27 0B 0F 28 28 29 12 08 14 0B 16
00002F00: ^^^^^^^^^^^^^^^^

00002F10: 67 63 53 43 42 47 47 47 53 46 42 45 47 47 47 47
00002F10: 28 28 29 10 13 04 0A 1E 28 28 28 0E 19 13 16 2B
00002F10: ^^^^^^^^^^^^^^^^

00002F20: 44 45 47 47 47 47 47 47 47 47 47 47 47 47 47 47
00002F20: 28 28 22 10 19 24 19 1E 28 28 22 0A 0D 24 19 1E
00002F20: ^^^^^^^^^^^^^^^^

00002F30: 47 47 47 47 47 47 47 42 47 47 47 47 47 47 44 42
00002F30: 22 29 22 15 08 19 19 19 28 28 28 29 28 10 0A 1E
00002F30: ^^^^^^^^^^^^^^^^

00002F40: 47 47 47 47 41 5B 61 5F 47 47 47 45 42 5F 5F 5F
00002F40: 24 1E 36 33 33 33 33 30 36 36 24 1E 36 33 33 36
00002F40: ^^^^^^^^^^^^^^^^

00002F50: 47 47 47 41 45 5F 5F 61 47 47 42 59 47 61 5F 61
00002F50: 19 30 19 24 36 33 33 2B 13 33 16 2B 33 36 1E 0F
00002F50: ^^^^^^^^^^^^^^^^

00002F60: 47 42 41 45 44 5D 61 5F 41 41 47 47 44 43 5F 5D
00002F60: 13 33 16 2E 33 36 19 0F 16 36 30 33 36 3A 16 06
00002F60: ^^^^^^^^^^^^^^^^

00002F70: 42 47 47 47 47 41 50 58 47 47 47 47 47 45 45 50
00002F70: 16 33 24 36 24 1E 0D 2E 16 30 19 1E 13 2B 2E 3F
00002F70: ^^^^^^^^^^^^^^^^

00002F90: 00 00 00 00 00 00 00 59 00 00 00 00 00 00 59 5B
00002F90: 00 00 00 00 00 00 00 00 00 00 00 00 00 00 00 00
00002F90: .......^......^^

00002FA0: 00 00 00 00 00 59 49 6C 00 00 00 00 00 59 54 6C
00002FA0: 00 00 00 00 00 00 00 00 00 00 00 00 00 00 00 00
00002FA0: .....^^^.....^^^

00002FB0: 00 00 00 00 00 59 56 6C 00 00 00 00 00 59 61 6C
00002FB0: 00 00 00 00 00 00 00 00 00 00 00 00 00 00 00 00
00002FB0: .....^^^.....^^^

00002FC0: 00 59 4C 6A 6C 6C 5B 4C 59 5B 6C 6A 6A 66 54 4C
00002FC0: 00 00 00 00 00 00 00 00 00 00 00 00 00 00 00 00
00002FC0: .^^^^^^^^^^^^^^^

00002FD0: 5B 6C 6A 6A 6A 50 4C 56 6C 6A 6A 6C 5F 54 50 69
00002FD0: 00 00 00 00 00 00 00 00 00 00 00 00 00 00 00 00
00002FD0: ^^^^^^^^^^^^^^^^

00002FE0: 6A 6A 6A 6C 5B 4C 58 6C 6A 6A 6A 69 4C 48 61 6C
00002FE0: 00 00 00 00 00 00 00 00 00 00 00 00 00 00 00 00
00002FE0: ^^^^^^^^^^^^^^^^

00002FF0: 6A 6A 6A 66 4C 4C 66 6A 6A 6A 6C 5D 47 47 66 6A
00002FF0: 00 00 00 00 00 00 00 11 00 00 00 00 00 00 00 11
00002FF0: ^^^^^^^^^^^^^^^^

00003000: 4C 69 6C 6A 66 41 45 47 5F 6C 6A 6C 5D 41 44 44
00003000: 00 00 00 11 0B 10 0B 0E 00 00 00 00 04 06 0A 20
00003000: ^^^^^^^^^^^^^^^^

00003010: 6C 6A 6A 6C 56 41 44 41 6A 6A 6A 6C 54 41 47 41
00003010: 00 00 00 00 11 11 02 23 00 00 00 00 11 0A 0D 17
00003010: ^^^^^^^^^^^^^^^^

00003020: 6A 6A 6A 69 56 41 47 45 6A 6A 6A 66 5D 41 45 47
00003020: 00 00 11 11 0D 3C 2B 10 00 11 0A 3C 3E 3A 2B 0E
00003020: ^^^^^^^^^^^^^^^^

00003030: 6A 6A 6A 61 61 50 42 47 6A 6A 69 5F 61 58 59 45
00003030: 11 11 30 3E 36 33 33 12 24 3C 3D 33 33 33 36 19
00003030: ^^^^^^^^^^^^^^^^

00003040: 47 41 57 57 57 73 73 72 47 42 53 68 55 55 75 73
00003040: 2C 39 34 34 34 34 34 34 0E 22 39 34 34 34 34 34
00003040: ^^^^^^^^^^^^^^^^

00003050: 47 44 4B 67 67 53 53 73 44 45 48 63 63 63 4B 57
00003050: 20 0E 18 35 35 34 34 34 27 27 10 0E 2C 39 34 34
00003050: ^^^^^^^^^^^^^^^^

00003060: 41 44 43 60 63 63 67 55 45 41 41 63 63 63 63 67
00003060: 27 1A 27 14 06 18 34 35 1A 04 17 1A 0E 12 0B 22
00003060: ^^^^^^^^^^^^^^^^
